I
1000 Generated by WorldEditor

1    104 1 0 EGLB Brooklands
100 68.58 1 0 0.25 0 0 0 01  51.34291324 -000.47161676  -25    0 1 0 0 0 19  51.35311859 -000.46967479    0   25 1 0 0 0
110 2 0.00 0.0000 New Taxiway 1
111  51.34989440 -000.46451977
111  51.35082012 -000.46402573
111  51.35436198 -000.46308060
111  51.35628049 -000.46265100
111  51.35636099 -000.46329541
111  51.35564993 -000.46338133
111  51.35551577 -000.46338133
113  51.34943826 -000.46507826
110 2 0.00 0.0000 Tower parking and apron
111  51.34603188 -000.47426173
111  51.34599251 -000.47405466
111  51.34622471 -000.47392610
111  51.34622870 -000.47388361
111  51.34625120 -000.47385660
111  51.34632430 -000.47378457
111  51.34634679 -000.47371255
111  51.34634679 -000.47360451
111  51.34631868 -000.47343345
111  51.34633555 -000.47342445
111  51.34637491 -000.47356850
111  51.34639741 -000.47362252
111  51.34646489 -000.47372155
111  51.34655166 -000.47370363
113  51.34661672 -000.47398264
110 2 0.00 0.0000 RifleRangeRoad
111  51.34603467 -000.47879065
111  51.34621652 -000.47887089
111  51.34635711 -000.47877186
111  51.34635149 -000.47816865
111  51.34631212 -000.47810562
111  51.34631212 -000.47777251
111  51.34635711 -000.47777251
111  51.34646396 -000.47747541
111  51.34626714 -000.47644005
111  51.34595784 -000.47660210
111  51.34593535 -000.47637703
111  51.34598034 -000.47640404
111  51.34626714 -000.47623298
111  51.34623902 -000.47606192
111  51.34661017 -000.47586385
111  51.34664391 -000.47597189
111  51.34681824 -000.47587285
111  51.34684073 -000.47597189
111  51.34664953 -000.47605291
111  51.34671702 -000.47640404
111  51.34659892 -000.47644005
111  51.34654831 -000.47623298
111  51.34640210 -000.47629600
111  51.34663829 -000.47738538
111  51.34652019 -000.47795257
111  51.34649770 -000.47850176
111  51.34652019 -000.47899693
111  51.34685760 -000.47909597
111  51.34725687 -000.47907796
111  51.34750993 -000.47909597
111  51.34786792 -000.47898427
111  51.34790761 -000.47949217
111  51.34734685 -000.47960056
111  51.34690822 -000.47962757
111  51.34637398 -000.47955555
113  51.34573100 -000.47928581
110 2 0.00 0.0000 New Taxiway 10
111  51.34765424 -000.47525255
111  51.34774612 -000.47571980
111  51.34770113 -000.47616995
111  51.34774612 -000.47628699
111  51.34819600 -000.47617896
111  51.34817913 -000.47624198
111  51.34774050 -000.47637703
111  51.34775737 -000.47663812
111  51.34734123 -000.47679117
111  51.34728499 -000.47638603
111  51.34765614 -000.47616995
111  51.34758866 -000.47585485
111  51.34766177 -000.47581883
111  51.34768989 -000.47571980
111  51.34767301 -000.47557575
113  51.34760925 -000.47529756
110 2 0.00 0.0000 New Taxiway 7
111  51.34524737 -000.47463946
111  51.34520801 -000.47444140
111  51.34508992 -000.47449541
111  51.34505055 -000.47434237
111  51.34518551 -000.47426134
111  51.34523050 -000.47415331
111  51.34543295 -000.47404527
111  51.34549481 -000.47399126
111  51.34551730 -000.47390123
111  51.34560728 -000.47384721
111  51.34564664 -000.47393724
111  51.34527549 -000.47424334
111  51.34524175 -000.47431536
113  51.34530923 -000.47463046
110 2 0.00 0.0000 OysterLaneGateRoad
111  51.34596156 -000.47661197
111  51.34603467 -000.47879065
111  51.34573100 -000.47928581
111  51.34556229 -000.47963692
111  51.34548918 -000.47955589
111  51.34580973 -000.47892569
111  51.34591095 -000.47874564
111  51.34592220 -000.47842154
111  51.34588845 -000.47827749
111  51.34564102 -000.47843954
111  51.34550043 -000.47824148
111  51.34553980 -000.47818746
111  51.34568038 -000.47822348
111  51.34577036 -000.47818746
111  51.34587158 -000.47795339
111  51.34584347 -000.47781835
111  51.34578161 -000.47760228
111  51.34570288 -000.47753026
111  51.34541042 -000.47784419
111  51.34538585 -000.47771712
111  51.34565789 -000.47747624
111  51.34560728 -000.47728718
111  51.34575911 -000.47713413
113  51.34565227 -000.47677402
110 2 0.00 0.0000 FlyingVillageRoad
111  51.34519676 -000.47518052
111  51.34535422 -000.47593676
111  51.34516302 -000.47603579
111  51.34513490 -000.47637790
111  51.34516864 -000.47673801
111  51.34531485 -000.47685505
111  51.34552293 -000.47674701
111  51.34551168 -000.47665698
111  51.34577036 -000.47650394
111  51.34580410 -000.47650394
111  51.34582097 -000.47618884
111  51.34583784 -000.47594576
111  51.34601780 -000.47583773
111  51.34621462 -000.47573870
111  51.34629335 -000.47563066
111  51.34630459 -000.47550462
111  51.34636083 -000.47547762
111  51.34638332 -000.47555864
111  51.34642269 -000.47563967
111  51.34653516 -000.47559465
111  51.34675448 -000.47548662
111  51.34674323 -000.47540559
111  51.34694568 -000.47531557
111  51.34696255 -000.47536058
111  51.34704128 -000.47533357
111  51.34706377 -000.47524354
111  51.34706377 -000.47517152
111  51.34712000 -000.47514451
111  51.34712563 -000.47522554
111  51.34715375 -000.47527955
111  51.34760363 -000.47505448
111  51.34765424 -000.47525255
111  51.34760925 -000.47529756
111  51.34746304 -000.47523454
111  51.34591657 -000.47604479
111  51.34592782 -000.47635989
111  51.34596156 -000.47661197
111  51.34565227 -000.47677402
111  51.34514615 -000.47714314
111  51.34508992 -000.47709812
111  51.34503368 -000.47717915
111  51.34503368 -000.47736821
111  51.34507867 -000.47768331
111  51.34515177 -000.47776433
111  51.34531485 -000.47775533
111  51.34524737 -000.47751225
111  51.34530276 -000.47745943
111  51.34538585 -000.47771712
111  51.34541042 -000.47784419
111  51.34553980 -000.47818746
111  51.34550043 -000.47824148
111  51.34474126 -000.47745824
111  51.34502806 -000.47681904
111  51.34502806 -000.47672000
111  51.34445446 -000.47607180
111  51.34448820 -000.47590075
111  51.34497744 -000.47643191
111  51.34502806 -000.47643191
111  51.34505617 -000.47635089
111  51.34505617 -000.47615283
111  51.34519676 -000.47568468
113  51.34509554 -000.47511750
110 2 0.00 0.0000 MainWorksRoad
111  51.34944148 -000.46760338
111  51.34935037 -000.46756232
111  51.34937316 -000.46706056
111  51.34933042 -000.46647212
111  51.34927914 -000.46643107
111  51.34922216 -000.46647669
111  51.34914238 -000.46644019
111  51.34913668 -000.46636265
111  51.34926205 -000.46631703
111  51.34930478 -000.46624861
111  51.34925457 -000.46575141
111  51.34922608 -000.46568299
111  51.34919474 -000.46557351
111  51.34920044 -000.46549141
112  51.34912351 -000.46521315  51.34909502 -000.46516754
111  51.34904867 -000.46515842
111  51.34886348 -000.46527702
111  51.34884176 -000.46535913
111  51.34853127 -000.46556896
111  51.34847998 -000.46552791
111  51.34793688 -000.46592019
111  51.34803014 -000.46626230
111  51.34757428 -000.46665457
111  51.34752300 -000.46649493
111  51.34743612 -000.46623639
111  51.34716545 -000.46627744
111  51.34698026 -000.46621358
111  51.34687485 -000.46576657
111  51.34676943 -000.46583955
111  51.34647312 -000.46542904
111  51.34684635 -000.46513711
111  51.34656999 -000.46419292
111  51.34697074 -000.46409258
111  51.34745940 -000.46587591
111  51.34912431 -000.46489938
111  51.34926106 -000.46479902
111  51.35027872 -000.46387625
111  51.35062577 -000.46362668
111  51.35073119 -000.46420145
111  51.34988614 -000.46451621
111  51.34981029 -000.46464242
112  51.34942566 -000.46508541  51.34932594 -000.46522681
111  51.34931740 -000.46548227
111  51.34940572 -000.46628966
111  51.34940572 -000.46640826
113  51.34954532 -000.46761708
110 2 0.00 10.0000 FlightShedsApron
111  51.34802932 -000.47342224
111  51.34813397 -000.47457227
111  51.34781526 -000.47464081
111  51.34792942 -000.47489976
111  51.34807689 -000.47503685
111  51.34847171 -000.47493022
111  51.34850501 -000.47518917
111  51.34855734 -000.47532625
111  51.34980365 -000.47502923
111  51.35081212 -000.47487691
111  51.35085494 -000.47517393
111  51.35109147 -000.47542527
111  51.35128650 -000.47532626
111  51.35138640 -000.47518155
111  51.35112952 -000.47565375
111  51.35098206 -000.47542527
111  51.35078226 -000.47518155
111  51.35060626 -000.47550143
111  51.35076799 -000.47565375
111  51.35081556 -000.47576038
111  51.35070615 -000.47592032
111  51.35053015 -000.47563091
111  51.35043977 -000.47572230
111  51.35040171 -000.47589747
111  51.35054917 -000.47617165
111  51.35033036 -000.47654484
111  51.35059674 -000.47700181
112  51.34974374 -000.47818167  51.34948140 -000.47849924
112  51.34856553 -000.47916809  51.34820081 -000.47937297
111  51.34790761 -000.47949217
111  51.34786792 -000.47898427
111  51.34792500 -000.47765913
111  51.34806935 -000.47774055
111  51.34800751 -000.47715414
111  51.34817876 -000.47623686
111  51.34819600 -000.47617896
111  51.34819779 -000.47612263
111  51.34821206 -000.47608455
111  51.34823108 -000.47593985
111  51.34826914 -000.47575707
111  51.34847369 -000.47544483
111  51.34829292 -000.47520874
111  51.34816924 -000.47523159
111  51.34797421 -000.47506404
111  51.34765549 -000.47523751
111  51.34758890 -000.47504711
111  51.34767928 -000.47497857
111  51.34764598 -000.47473487
111  51.34742241 -000.47362043
111  51.34735828 -000.47319614
111  51.34758883 -000.47312657
111  51.34805508 -000.47304925
113  51.34808838 -000.47314064
111  51.35015603 -000.47546748
112  51.35011081 -000.47553475  51.35010595 -000.47555811
112  51.35006031 -000.47582474  51.35004248 -000.47596358
111  51.35007947 -000.47598646
111  51.35010776 -000.47599254
113  51.35043012 -000.47533806
111  51.34974019 -000.47761760
111  51.34855229 -000.47791628
111  51.34851828 -000.47809899
111  51.34854387 -000.47866233
111  51.34933075 -000.47801705
113  51.34974659 -000.47779172
110 2 0.00 7.0000 RunwayApron
111  51.35090950 -000.46965322
111  51.35087691 -000.46918020
111  51.35155101 -000.46901196
113  51.35159766 -000.46949761
110 2 0.00 15.0000 B1Taxiway
111  51.35334099 -000.47034788
111  51.35394036 -000.47117809
111  51.35385949 -000.47130757
111  51.35328218 -000.47050023
111  51.35272046 -000.47155294
111  51.35194032 -000.47338086
111  51.35205449 -000.47373883
111  51.35214011 -000.47385308
111  51.35225904 -000.47386070
111  51.35193081 -000.47436337
111  51.35196887 -000.47410442
111  51.35192605 -000.47389878
111  51.35187848 -000.47350273
112  51.35140542 -000.47467560  51.35132456 -000.47482793
112  51.35119612 -000.47500310  51.35114379 -000.47506403
111  51.35084886 -000.47516304
111  51.35080605 -000.47486601
111  51.35091546 -000.47462991
111  51.35089168 -000.47457659
111  51.34849418 -000.47518589
111  51.34843234 -000.47450805
111  51.34857981 -000.47447758
111  51.34863213 -000.47501071
111  51.34962198 -000.47479669
111  51.34957916 -000.47437017
111  51.34967430 -000.47434732
111  51.34971711 -000.47476622
111  51.35103954 -000.47443791
111  51.35100149 -000.47401820
111  51.35094916 -000.47368308
111  51.35134399 -000.47355360
111  51.35125492 -000.47264725
111  51.34803195 -000.47341640
111  51.34807476 -000.47313462
111  51.34888820 -000.47292899
111  51.34935438 -000.47259389
111  51.34925924 -000.47165715
111  51.34932584 -000.47164953
111  51.34940989 -000.47261680
111  51.34952406 -000.47280721
111  51.35180263 -000.47236546
111  51.35189301 -000.47229691
111  51.35218197 -000.47203945
111  51.35227807 -000.47191375
111  51.35317753 -000.47016035
111  51.35337216 -000.47012382
113  51.35343400 -000.47019237
110 2 0.00 48.0000 RunwayExtension
111  51.35316622 -000.47014224
111  51.35316622 -000.47014224
111  51.35311390 -000.46917490
111  51.35314244 -000.46912920
111  51.35352775 -000.46899210
111  51.35351348 -000.46890069
111  51.35386549 -000.46880168
111  51.35407004 -000.46842083
111  51.35416518 -000.46816948
111  51.35432216 -000.46774293
111  51.35451719 -000.46708788
111  51.35470271 -000.46721737
112  51.35493104 -000.46720214  51.35502143 -000.46722499
112  51.35516413 -000.46734686  51.35523073 -000.46741541
112  51.35536392 -000.46766676  51.35542101 -000.46781148
112  51.35543052 -000.46809331  51.35541625 -000.46822279
111  51.35537172 -000.46852142
111  51.35527182 -000.46869661
111  51.35515290 -000.46892511
111  51.35474208 -000.46913077
111  51.35456608 -000.46919932
111  51.35485149 -000.46951923
111  51.35471830 -000.46980105
111  51.35458986 -000.46965633
111  51.35463267 -000.46953446
111  51.35442813 -000.46928311
111  51.35433774 -000.46933642
111  51.35372410 -000.46958778
111  51.35341966 -000.47016665
113  51.35337216 -000.47010572
111  51.35459330 -000.46865696
111  51.35487872 -000.46854270
112  51.35504045 -000.46836752  51.35502143 -000.46838275
111  51.35519743 -000.46838275
112  51.35523549 -000.46819233  51.35524500 -000.46807046
112  51.35522122 -000.46784957  51.35517841 -000.46770485
112  51.35507375 -000.46758298  51.35512608 -000.46762868
111  51.35507375 -000.46758298
112  51.35507375 -000.46758298  51.35514986 -000.46762868
112  51.35488347 -000.46749158  51.35475028 -000.46750681
111  51.35459806 -000.46769723
111  51.35437924 -000.46829135
113  51.35417469 -000.46878644
110 2 0.25 0.0000 ByfleetGateRoad
112  51.34676416 -000.46583314  51.34677016 -000.46583083
111  51.34661179 -000.46589935
111  51.34646146 -000.46596924
112  51.34635823 -000.46593533  51.34636690 -000.46592256
112  51.34619467 -000.46603220  51.34619216 -000.46603081
112  51.34618998 -000.46639995  51.34619585 -000.46647801
112  51.34624062 -000.46665090  51.34625750 -000.46674437
112  51.34630706 -000.46697177  51.34632206 -000.46706477
111  51.34645296 -000.46767442
111  51.34754126 -000.47330173
111  51.34735828 -000.47319614
111  51.34742241 -000.47362043
111  51.34696737 -000.47386401
111  51.34703663 -000.47427317
111  51.34519676 -000.47518052
111  51.34509554 -000.47511750
111  51.34448820 -000.47590075
111  51.34445446 -000.47607180
111  51.34429286 -000.47643716
111  51.34413053 -000.47675411
111  51.34377183 -000.47619435
111  51.34348438 -000.47644037
111  51.34315605 -000.47681568
111  51.34306393 -000.47668778
111  51.34354649 -000.47613057
111  51.34374072 -000.47602589
111  51.34414613 -000.47592515
111  51.34410455 -000.47547655
111  51.34463905 -000.47544705
111  51.34524737 -000.47463946
111  51.34671533 -000.47386490
111  51.34662067 -000.47341659
111  51.34667622 -000.47326727
111  51.34676150 -000.47328115
111  51.34680005 -000.47334944
111  51.34717515 -000.47312615
111  51.34732051 -000.47300827
111  51.34726623 -000.47280199
111  51.34706753 -000.47284052
111  51.34698102 -000.47294456
111  51.34688825 -000.47293997
111  51.34682520 -000.47282657
111  51.34684712 -000.47265197
111  51.34691575 -000.47259978
111  51.34702040 -000.47265622
111  51.34722274 -000.47248824
111  51.34631085 -000.46776056
112  51.34614389 -000.46690269  51.34612889 -000.46680969
112  51.34605849 -000.46677713  51.34602349 -000.46669913
112  51.34595504 -000.46635243  51.34594358 -000.46626415
111  51.34587724 -000.46571228
113  51.34646790 -000.46542791
111  51.34381713 -000.47615414
111  51.34404051 -000.47647137
113  51.34416121 -000.47620317
110 2 0.25 0.0000 Taxiway
112  51.35208832 -000.47207588  51.35214216 -000.47205804
111  51.35218197 -000.47203945
111  51.35189128 -000.47230504
112  51.35177629 -000.47216296  51.35176271 -000.47214167
112  51.35066717 -000.47190093  51.35052422 -000.47187371
112  51.34932584 -000.47164953  51.34903856 -000.47165153
112  51.34804788 -000.47174535  51.34800888 -000.47176421
112  51.34793148 -000.47180943  51.34790248 -000.47185543
112  51.34785065 -000.47193919  51.34782170 -000.47198866
112  51.34776287 -000.47214586  51.34773887 -000.47223386
112  51.34758538 -000.47265789  51.34756107 -000.47274369
111  51.34758883 -000.47312657
111  51.34754126 -000.47330173
112  51.34744831 -000.47274162  51.34748029 -000.47265276
112  51.34770050 -000.47204572  51.34772450 -000.47195772
112  51.34774992 -000.47191658  51.34777392 -000.47182858
112  51.34785588 -000.47171704  51.34789288 -000.47165804
112  51.34803475 -000.47159788  51.34807809 -000.47157695
112  51.34822192 -000.47157054  51.34828192 -000.47156854
114  51.34976694 -000.47152473  51.35006584 -000.47158914
110 2 0.25 0.0000 Taxiway
111  51.34860800 -000.47162200
111  51.34848111 -000.47163275
111  51.34934875 -000.46756232
113  51.34944436 -000.46759902
110 2 0.00 0.0000 Padock
111  51.35386467 -000.46387330
111  51.35380084 -000.46329726
111  51.35412288 -000.46319970
111  51.35417220 -000.46317183
111  51.35463640 -000.46352489
111  51.35425137 -000.46363309
111  51.35426127 -000.46431528
111  51.35401411 -000.46440923
111  51.35401651 -000.46443994
111  51.35360650 -000.46455128
111  51.35354176 -000.46463191
111  51.35354176 -000.46476628
111  51.35352498 -000.46488529
111  51.35350100 -000.46501967
111  51.35346024 -000.46512717
111  51.35331397 -000.46525002
111  51.35322766 -000.46529609
111  51.35222025 -000.46565845
111  51.35222709 -000.46557083
111  51.35237759 -000.46549416
113  51.35219972 -000.46430027
110 2 0.25 0.0000 MainEntrance
111  51.35064222 -000.46424044
111  51.35042978 -000.46430654
111  51.34981909 -000.46247585
111  51.34942130 -000.46078364
111  51.34966205 -000.46067470
111  51.35027801 -000.46079691
111  51.35081948 -000.46079468
111  51.35097850 -000.46134729
111  51.35139158 -000.46107425
111  51.35171583 -000.46217537
111  51.35186514 -000.46163465
111  51.35270860 -000.46144579
111  51.35280736 -000.46237434
111  51.35224579 -000.46253902
111  51.35232754 -000.46318404
111  51.35273587 -000.46308951
111  51.35275426 -000.46317027
111  51.35311131 -000.46308373
111  51.35315779 -000.46294167
111  51.35307979 -000.46229537
111  51.35325760 -000.46170388
111  51.35349845 -000.46186811
111  51.35332344 -000.46243626
111  51.35331211 -000.46262301
111  51.35334002 -000.46294238
111  51.35352269 -000.46297905
111  51.35366209 -000.46262174
111  51.35393445 -000.46280193
111  51.35407415 -000.46233648
111  51.35426249 -000.46254602
111  51.35429590 -000.46278729
111  51.35430561 -000.46295722
111  51.35430631 -000.46302619
111  51.35434843 -000.46308362
111  51.35534123 -000.46378018
111  51.35510247 -000.46388818
111  51.35417711 -000.46317114
111  51.35412000 -000.46320032
111  51.35398884 -000.46301702
111  51.35327813 -000.46318325
111  51.35237669 -000.46348756
111  51.35196852 -000.46359375
111  51.35080798 -000.46400218
111  51.35071111 -000.46410976
111  51.35062577 -000.46362668
111  51.35146826 -000.46321866
111  51.35152189 -000.46341386
111  51.35185269 -000.46311033
111  51.35181408 -000.46294920
111  51.35177550 -000.46297351
111  51.35173349 -000.46278971
111  51.35175467 -000.46278577
111  51.35151431 -000.46184599
111  51.35152670 -000.46183362
111  51.35142533 -000.46145815
111  51.35137706 -000.46149412
111  51.35130509 -000.46124567
111  51.35097525 -000.46149467
111  51.35085885 -000.46146327
111  51.35074623 -000.46095622
111  51.35073883 -000.46090790
111  51.35072504 -000.46086711
111  51.35002615 -000.46131289
111  51.35013395 -000.46170766
113  51.34997396 -000.46181914
110 2 0.25 0.0000 SaharaStraight
112  51.34954769 -000.46791258  51.34946738 -000.46781100
111  51.34943493 -000.46759650
111  51.34954596 -000.46761390
112  51.34974121 -000.46786090  51.34986998 -000.46784816
112  51.35351250 -000.46681698  51.35343060 -000.46684029
112  51.35374975 -000.46681609  51.35380618 -000.46683650
112  51.35391873 -000.46689675  51.35398062 -000.46693173
112  51.35413503 -000.46714936  51.35416415 -000.46719599
112  51.35427125 -000.46747192  51.35428581 -000.46755936
111  51.35429476 -000.46771189
111  51.35433347 -000.46776104
111  51.35417649 -000.46818758
112  51.35416752 -000.46765706  51.35415478 -000.46755214
112  51.35415656 -000.46751876  51.35414564 -000.46746338
112  51.35407379 -000.46728357  51.35403193 -000.46721362
112  51.35385265 -000.46704705  51.35377620 -000.46700333
112  51.35348226 -000.46699415  51.35339671 -000.46702912
114  51.34977344 -000.46801400  51.34970309 -000.46801783
110 1 0.25 0.0000 Road
112  51.34566200 -000.46670000  51.34568500 -000.46669000
111  51.34671700 -000.46624500
111  51.34672600 -000.46630100
112  51.34567400 -000.46675400  51.34565100 -000.46676400
112  51.34560600 -000.46679200  51.34558400 -000.46680700
112  51.34523500 -000.46705300  51.34521300 -000.46706800
112  51.34517400 -000.46711100  51.34515500 -000.46713400
112  51.34460300 -000.46782100  51.34458400 -000.46784400
112  51.34455200 -000.46790000  51.34453700 -000.46792900
112  51.34393700 -000.46907000  51.34392200 -000.46909900
112  51.34389800 -000.46916500  51.34388700 -000.46919900
111  51.34334200 -000.47094000
111  51.34331000 -000.47091400
112  51.34386700 -000.46913300  51.34387800 -000.46909900
112  51.34390600 -000.46903800  51.34392100 -000.46900900
112  51.34452700 -000.46785800  51.34454200 -000.46782900
112  51.34457800 -000.46777900  51.34459700 -000.46775600
112  51.34515500 -000.46706100  51.34517400 -000.46703800
112  51.34521600 -000.46700300  51.34523800 -000.46698800
114  51.34559400 -000.46673800  51.34561600 -000.46672300
110 2 0.25 0.0000 Road
112  51.35487270 -000.46627197  51.35486170 -000.46631697
111  51.35449701 -000.46763724
111  51.35439495 -000.46755894
112  51.35476093 -000.46624647  51.35477193 -000.46620147
112  51.35476407 -000.46610498  51.35477107 -000.46605798
112  51.35481634 -000.46537431  51.35482334 -000.46532731
112  51.35482366 -000.46517616  51.35482087 -000.46513497
112  51.35480609 -000.46496300  51.35482509 -000.46492600
112  51.35511828 -000.46453895  51.35511928 -000.46449095
112  51.35510247 -000.46388818  51.35510347 -000.46384018
112  51.35531600 -000.46376500  51.35532679 -000.46371048
111  51.35552448 -000.46340345
111  51.35563333 -000.46336862
112  51.35544853 -000.46393565  51.35539397 -000.46401645
112  51.35536410 -000.46440177  51.35536310 -000.46444977
112  51.35533427 -000.46457172  51.35531497 -000.46460996
112  51.35527551 -000.46472066  51.35523439 -000.46484886
112  51.35502001 -000.46526856  51.35500101 -000.46530556
112  51.35494366 -000.46548513  51.35493666 -000.46553213
114  51.35488146 -000.46610800  51.35487446 -000.46615500
110 2 0.25 0.0000 RailwayStraight
112  51.35582200 -000.46759100  51.35589409 -000.46739636
111  51.35612023 -000.46698979
111  51.35641964 -000.46721295
112  51.35615098 -000.46778800  51.35608598 -000.46799400
112  51.35501234 -000.47013195  51.35491534 -000.47030295
111  51.35358172 -000.47249897
111  51.35220941 -000.47458674
111  51.35059522 -000.47711886
111  51.35038616 -000.47679117
111  51.35193094 -000.47434915
111  51.35303963 -000.47263361
114  51.35462223 -000.46998764  51.35471923 -000.46981664
110 13 0.25 0.0000 River
112  51.34180436 -000.46571946  51.34172936 -000.46562446
112  51.34184336 -000.46547646  51.34191836 -000.46557146
112  51.34209836 -000.46558246  51.34219336 -000.46555846
112  51.34225036 -000.46554346  51.34234536 -000.46551946
112  51.34253036 -000.46557446  51.34262236 -000.46561946
112  51.34302236 -000.46581146  51.34311436 -000.46585646
112  51.34329736 -000.46580646  51.34338836 -000.46575846
112  51.34408536 -000.46539346  51.34417636 -000.46534546
112  51.34432836 -000.46547746  51.34439936 -000.46558146
112  51.34447836 -000.46570146  51.34454936 -000.46580546
112  51.34471719 -000.46592199  51.34481019 -000.46588499
112  51.34482457 -000.46579233  51.34491398 -000.46572090
112  51.34501988 -000.46547472  51.34507589 -000.46534972
112  51.34518664 -000.46511124  51.34524264 -000.46498624
112  51.34548556 -000.46501500  51.34558056 -000.46503400
112  51.34582598 -000.46521180  51.34591863 -000.46526095
112  51.34615356 -000.46562179  51.34621558 -000.46573192
111  51.34641534 -000.46603283
111  51.34630280 -000.46618124
112  51.34598684 -000.46566128  51.34590985 -000.46556828
112  51.34573376 -000.46535777  51.34564347 -000.46531615
112  51.34555121 -000.46527919  51.34545894 -000.46524222
112  51.34524833 -000.46531033  51.34513669 -000.46545589
112  51.34510947 -000.46564228  51.34505347 -000.46576728
112  51.34491778 -000.46596451  51.34482478 -000.46600151
112  51.34474889 -000.46611759  51.34465589 -000.46615459
112  51.34450289 -000.46601759  51.34443189 -000.46591359
112  51.34429236 -000.46573846  51.34422136 -000.46563446
112  51.34404936 -000.46565446  51.34395836 -000.46570246
112  51.34329836 -000.46604746  51.34320736 -000.46609546
112  51.34302336 -000.46605246  51.34293136 -000.46600746
112  51.34252036 -000.46580946  51.34242836 -000.46576446
112  51.34224036 -000.46577846  51.34214536 -000.46580246
114  51.34205936 -000.46582546  51.34196436 -000.46584946
110 13 0.25 0.0000 River
112  51.34702952 -000.46743340  51.34693914 -000.46725635
111  51.34629852 -000.46618810
111  51.34641320 -000.46603625
112  51.34717986 -000.46730889  51.34722686 -000.46736789
112  51.34761633 -000.46748794  51.34767633 -000.46749594
112  51.34848660 -000.46730708  51.34854660 -000.46728730
112  51.34873884 -000.46711047  51.34878584 -000.46705147
112  51.34921006 -000.46662364  51.34931295 -000.46660938
112  51.35122042 -000.46618212  51.35138063 -000.46608971
112  51.35334361 -000.46549009  51.35340261 -000.46547509
112  51.35386194 -000.46543698  51.35391994 -000.46546198
112  51.35475764 -000.46593712  51.35481564 -000.46596212
112  51.35493820 -000.46598494  51.35499720 -000.46599994
112  51.35602966 -000.46621129  51.35608866 -000.46622629
112  51.35627276 -000.46632192  51.35634176 -000.46635471
111  51.35689249 -000.46690549
111  51.35674925 -000.46730624
112  51.35612693 -000.46648994  51.35604219 -000.46640673
112  51.35593248 -000.46640672  51.35587348 -000.46639172
112  51.35492376 -000.46622333  51.35486476 -000.46620833
112  51.35470063 -000.46611707  51.35464263 -000.46609207
112  51.35376612 -000.46571820  51.35370812 -000.46569320
112  51.35329669 -000.46581606  51.35323769 -000.46583105
112  51.35073364 -000.46659407  51.35058382 -000.46665381
112  51.34915477 -000.46699291  51.34907983 -000.46713020
112  51.34872641 -000.46738474  51.34867941 -000.46744374
112  51.34833338 -000.46761097  51.34827338 -000.46760297
114  51.34752045 -000.46769894  51.34733465 -000.46771178
110 5 0.25 0.0000 RiverRoad
112  51.35305891 -000.46543962  51.35288783 -000.46548956
112  51.35209599 -000.46573947  51.35199522 -000.46575530
112  51.35085292 -000.46624784  51.35069124 -000.46628805
111  51.34914109 -000.46643513
111  51.34913409 -000.46636413
112  51.35082575 -000.46619027  51.35092384 -000.46617707
112  51.35220855 -000.46564269  51.35232567 -000.46562340
112  51.35322500 -000.46529525  51.35325075 -000.46528206
112  51.35331759 -000.46524696  51.35334053 -000.46522949
112  51.35345664 -000.46511595  51.35348164 -000.46507371
112  51.35350563 -000.46500595  51.35351363 -000.46495895
112  51.35352631 -000.46488701  51.35353431 -000.46484001
112  51.35354191 -000.46475577  51.35353291 -000.46470977
112  51.35354209 -000.46463093  51.35353309 -000.46458493
112  51.35358711 -000.46442714  51.35359057 -000.46442029
111  51.35359752 -000.46455088
111  51.35357897 -000.46461770
111  51.35360111 -000.46505220
112  51.35395109 -000.46508658  51.35393459 -000.46508432
112  51.35394800 -000.46516292  51.35394318 -000.46517634
112  51.35376129 -000.46516315  51.35372354 -000.46515871
112  51.35371044 -000.46515036  51.35368611 -000.46514228
112  51.35350418 -000.46517827  51.35345192 -000.46519799
114  51.35339655 -000.46526174  51.35333554 -000.46529827
130 Flatten
111  51.34856103 -000.47931795
111  51.34768647 -000.47972260
111  51.34659940 -000.47976658
111  51.34576370 -000.47948930
111  51.34456794 -000.47868916
111  51.34368109 -000.47739579
111  51.34309781 -000.47601871
111  51.34264327 -000.47400842
111  51.34250334 -000.47231593
111  51.34277868 -000.46990218
111  51.34320451 -000.46838636
111  51.34377534 -000.46723856
111  51.34463300 -000.46609900
111  51.34502383 -000.46379534
111  51.34778001 -000.46233199
111  51.34942130 -000.46078364
111  51.35064354 -000.46047513
111  51.35135551 -000.46047193
111  51.35220783 -000.45988711
111  51.35238378 -000.46042825
111  51.35318702 -000.45980486
111  51.35417489 -000.45957276
111  51.35492271 -000.45974913
111  51.35534266 -000.46003219
111  51.35591459 -000.46055068
111  51.35644546 -000.46144204
111  51.35696348 -000.46302627
111  51.35705139 -000.46480919
111  51.35691649 -000.46612162
111  51.35639662 -000.46749979
111  51.35558355 -000.46918657
111  51.35082980 -000.47691843
113  51.34952131 -000.47856146
14  51.34639776 -000.47382300  52.49 0 Brooklands Tower Viewpoint
19  51.34640895 -000.47387390 0 New Windsock 10
19  51.34428730 -000.47394784 0 Windsock
19  51.34714479 -000.46885273 0 Windsock
50 12235 TWR

1     98 1 0 X2WY Wisley
100 70.71 2 0 0.25 1 0 1 10  51.30646429 -000.47197095    0    0 2 7 0 0 28  51.30667371 -000.44459905    0    0 2 7 0 0
110 2 0.25 89.3000 Road
112  51.30649700 -000.46258600  51.30647100 -000.46257200
112  51.30593900 -000.46228900  51.30591300 -000.46227500
112  51.30585900 -000.46225900  51.30583200 -000.46225300
112  51.30554200 -000.46218700  51.30551500 -000.46218100
112  51.30546800 -000.46213900  51.30544600 -000.46211300
112  51.30542700 -000.46209200  51.30540500 -000.46206600
112  51.30536700 -000.46200300  51.30534900 -000.46197000
112  51.30534600 -000.46196200  51.30532800 -000.46192900
112  51.30532000 -000.46184600  51.30532100 -000.46180200
111  51.30532500 -000.46154500
111  51.30536600 -000.46154700
112  51.30536200 -000.46182200  51.30536100 -000.46186600
112  51.30538700 -000.46193800  51.30540400 -000.46197100
112  51.30539600 -000.46195500  51.30541300 -000.46198800
112  51.30545500 -000.46204400  51.30547700 -000.46207000
112  51.30548400 -000.46207700  51.30550600 -000.46210300
112  51.30555800 -000.46212500  51.30558500 -000.46213100
112  51.30584400 -000.46218900  51.30587100 -000.46219500
112  51.30588700 -000.46213200  51.30588800 -000.46208800
112  51.30589900 -000.46162000  51.30590000 -000.46157600
112  51.30586000 -000.46155000  51.30583300 -000.46154700
111  51.30548500 -000.46151300
111  51.30548800 -000.46144700
112  51.30586100 -000.46148400  51.30588800 -000.46148700
112  51.30590400 -000.46142200  51.30590500 -000.46137800
111  51.30594000 -000.45985300
111  51.30598100 -000.45985500
112  51.30594500 -000.46142400  51.30594400 -000.46146800
112  51.30598400 -000.46149100  51.30601100 -000.46149200
111  51.30657000 -000.46149800
111  51.30656900 -000.46156400
112  51.30598300 -000.46155700  51.30595600 -000.46155600
112  51.30594000 -000.46162200  51.30593900 -000.46166600
112  51.30592800 -000.46214700  51.30592700 -000.46219100
112  51.30596500 -000.46223400  51.30599100 -000.46224800
112  51.30650700 -000.46252200  51.30653300 -000.46253600
112  51.30658600 -000.46255400  51.30661300 -000.46256100
111  51.30708800 -000.46269500
112  51.30725700 -000.46272700  51.30728400 -000.46273200
112  51.30733700 -000.46271600  51.30736300 -000.46270300
112  51.30737600 -000.46269900  51.30740200 -000.46268600
112  51.30745100 -000.46265000  51.30747500 -000.46263000
112  51.30749200 -000.46261600  51.30751600 -000.46259600
112  51.30755600 -000.46253700  51.30757500 -000.46250400
112  51.30793000 -000.46188200  51.30794900 -000.46184900
112  51.30799400 -000.46180300  51.30801800 -000.46178300
112  51.30804800 -000.46175800  51.30807200 -000.46173800
112  51.30812300 -000.46172800  51.30814900 -000.46172800
112  51.30820300 -000.46173700  51.30823000 -000.46174300
111  51.30837900 -000.46177400
111  51.30837400 -000.46183900
112  51.30820100 -000.46180300  51.30817400 -000.46179700
112  51.30812700 -000.46179400  51.30810500 -000.46179400
112  51.30805800 -000.46182400  51.30803400 -000.46184400
112  51.30802000 -000.46185500  51.30799600 -000.46187500
112  51.30795600 -000.46193400  51.30793700 -000.46196700
112  51.30758200 -000.46258900  51.30756300 -000.46262200
112  51.30751800 -000.46266900  51.30749400 -000.46269000
112  51.30746700 -000.46271100  51.30744300 -000.46273200
112  51.30739200 -000.46276000  51.30736600 -000.46277200
112  51.30734100 -000.46278300  51.30731500 -000.46279500
112  51.30726100 -000.46279300  51.30723400 -000.46278800
111  51.30708200 -000.46275900
114  51.30657600 -000.46261800  51.30654900 -000.46261100
110 2 0.25 89.3000 Road
112  51.30765800 -000.47050400  51.30763500 -000.47044100
112  51.30760900 -000.47036200  51.30758600 -000.47029900
112  51.30752600 -000.47019000  51.30749300 -000.47013900
111  51.30740800 -000.47000200
111  51.30745600 -000.46992500
112  51.30758000 -000.47012200  51.30761300 -000.47017300
112  51.30766300 -000.47029400  51.30768600 -000.47035700
112  51.30772000 -000.47045600  51.30774300 -000.47051900
112  51.30777900 -000.47065300  51.30779600 -000.47072100
112  51.30779800 -000.47073300  51.30781500 -000.47080100
112  51.30784200 -000.47077600  51.30785500 -000.47073700
111  51.30790400 -000.47057900
111  51.30815200 -000.46980900
111  51.30833900 -000.46910200
112  51.30842900 -000.46869400  51.30843800 -000.46865300
112  51.30845200 -000.46856800  51.30845800 -000.46852500
111  51.30854400 -000.46788800
111  51.30858400 -000.46790200
112  51.30849200 -000.46858600  51.30848600 -000.46862900
112  51.30846900 -000.46871200  51.30846000 -000.46875300
111  51.30837700 -000.46912600
111  51.30819000 -000.46983700
111  51.30794000 -000.47060900
111  51.30783000 -000.47095700
111  51.30766100 -000.47145300
111  51.30762500 -000.47142100
112  51.30776100 -000.47102300  51.30777400 -000.47098400
112  51.30775600 -000.47086300  51.30773900 -000.47079500
114  51.30771700 -000.47070100  51.30770000 -000.47063300
110 2 0.25 89.3000 Apron
111  51.30678700 -000.47271700
111  51.30674900 -000.47269600
111  51.30677900 -000.47179000
111  51.30680900 -000.47184300
111  51.30682900 -000.47187500
111  51.30686000 -000.47188600
111  51.30688500 -000.47186200
111  51.30691200 -000.47183200
111  51.30746300 -000.46962600
111  51.30775700 -000.46810000
111  51.30788100 -000.46818000
111  51.30780700 -000.46867100
111  51.30762200 -000.46956400
111  51.30751300 -000.47008500
111  51.30704700 -000.47184300
111  51.30696100 -000.47205300
111  51.30693400 -000.47227300
111  51.30688100 -000.47235700
111  51.30680100 -000.47248500
111  51.30680600 -000.47256100
113  51.30682300 -000.47267400
110 2 0.25 89.3000 Apron
111  51.30676000 -000.47272300
111  51.30614900 -000.47271900
111  51.30614900 -000.47184300
113  51.30677900 -000.47186500
110 2 0.25 89.3000 Apron
111  51.30785400 -000.46819700
111  51.30775400 -000.46814100
111  51.30779000 -000.46790000
111  51.30780100 -000.46776500
111  51.30778500 -000.46758700
111  51.30772600 -000.46751100
111  51.30770000 -000.46747700
111  51.30803900 -000.46556600
111  51.30804700 -000.46536100
111  51.30803500 -000.46525500
111  51.30802100 -000.46516300
111  51.30800400 -000.46508400
111  51.30797300 -000.46492500
111  51.30794600 -000.46473700
111  51.30801000 -000.46448600
111  51.30785400 -000.46424300
111  51.30820500 -000.46297500
111  51.30860000 -000.46346900
111  51.30926700 -000.46198900
111  51.30995700 -000.46333200
111  51.31003600 -000.46357300
111  51.31005100 -000.46380400
111  51.30999300 -000.46418300
111  51.30991300 -000.46452800
111  51.30985600 -000.46491900
111  51.30995000 -000.46505700
111  51.30989900 -000.46539100
111  51.30974800 -000.46529900
111  51.30962500 -000.46557500
111  51.30959000 -000.46572400
111  51.30901300 -000.46910600
111  51.30888400 -000.46906000
111  51.30892700 -000.46886500
111  51.30891200 -000.46880700
111  51.30868200 -000.46871500
111  51.30872500 -000.46840500
111  51.30871100 -000.46835900
111  51.30866000 -000.46831300
111  51.30822800 -000.46808300
111  51.30818500 -000.46810600
111  51.30815600 -000.46817500
111  51.30812700 -000.46831300
111  51.30804100 -000.46841600
111  51.30783200 -000.46865800
113  51.30778800 -000.46869200
110 2 0.25 89.3000 Apron
111  51.30860800 -000.46349200
111  51.30818000 -000.46310800
111  51.30827100 -000.46261600
111  51.30829900 -000.46241600
111  51.30831900 -000.46212400
111  51.30830000 -000.46197300
111  51.30837300 -000.46164900
111  51.30847500 -000.46110400
111  51.30850400 -000.46092500
111  51.30853300 -000.46075900
111  51.30855000 -000.46057300
111  51.30855000 -000.46034800
111  51.30855000 -000.46007600
111  51.30854100 -000.45973100
111  51.30850400 -000.45933900
111  51.30844600 -000.45910100
111  51.30835400 -000.45895500
111  51.30813800 -000.45872900
111  51.30794700 -000.45856300
111  51.30772300 -000.45845100
111  51.30749000 -000.45840400
111  51.30720800 -000.45841700
111  51.30703700 -000.45842400
111  51.30697100 -000.45845700
111  51.30691300 -000.45851000
111  51.30688800 -000.45865600
111  51.30681700 -000.45882900
111  51.30680000 -000.45746400
111  51.30685300 -000.45742900
111  51.30690100 -000.45749900
111  51.30691800 -000.45758900
111  51.30694900 -000.45767300
111  51.30698400 -000.45772900
111  51.30703600 -000.45776400
111  51.30719400 -000.45777100
111  51.30742900 -000.45778500
111  51.30760800 -000.45779200
111  51.30776600 -000.45783300
111  51.30794000 -000.45792400
111  51.30821100 -000.45805000
111  51.30835100 -000.45816800
111  51.30849500 -000.45827300
111  51.30868700 -000.45851000
111  51.30877000 -000.45865000
111  51.30884600 -000.45878700
111  51.30890100 -000.45901200
111  51.30892800 -000.45917900
111  51.30894600 -000.45942400
111  51.30894100 -000.45966100
111  51.30893600 -000.45993300
111  51.30890600 -000.46018400
111  51.30887900 -000.46030200
111  51.30880900 -000.46059500
111  51.30878300 -000.46078400
111  51.30878800 -000.46102800
111  51.30886200 -000.46124400
111  51.30900200 -000.46157900
111  51.30912800 -000.46177400
113  51.30930300 -000.46205300
110 2 0.25 89.3000 Apron
111  51.30697200 -000.47103700
111  51.30698900 -000.47111000
111  51.30700900 -000.47116200
111  51.30703200 -000.47117400
111  51.30706000 -000.47117100
111  51.30709100 -000.47114200
111  51.30712500 -000.47113900
111  51.30698100 -000.47176300
111  51.30694200 -000.47174600
111  51.30694300 -000.47167900
111  51.30694500 -000.47160900
111  51.30694700 -000.47156000
111  51.30693400 -000.47149000
111  51.30690900 -000.47139200
111  51.30687600 -000.47127500
111  51.30684900 -000.47116800
111  51.30683100 -000.47110400
111  51.30680300 -000.47109200
111  51.30677400 -000.47109800
111  51.30676200 -000.47030700
111  51.30677600 -000.47039500
111  51.30678900 -000.47046100
111  51.30680000 -000.47051300
111  51.30681900 -000.47057500
113  51.30684700 -000.47066200
110 2 0.25 89.3000 Apron
111  51.30709000 -000.44436400
111  51.30707700 -000.44449700
111  51.30705500 -000.44460500
111  51.30702800 -000.44468700
111  51.30697700 -000.44476900
111  51.30639800 -000.44490900
111  51.30603400 -000.44482300
111  51.30575400 -000.44475500
111  51.30562000 -000.44472100
111  51.30556500 -000.44471700
111  51.30552500 -000.44474100
111  51.30549200 -000.44478400
111  51.30544300 -000.44487200
111  51.30536700 -000.44497000
111  51.30528800 -000.44500400
111  51.30521200 -000.44501300
111  51.30512600 -000.44498900
111  51.30505600 -000.44490100
111  51.30500700 -000.44480400
111  51.30497700 -000.44469700
111  51.30495300 -000.44459000
111  51.30495300 -000.44448800
111  51.30492200 -000.44432700
111  51.30493400 -000.44425200
111  51.30504300 -000.44428100
111  51.30508700 -000.44421500
111  51.30513800 -000.44414700
111  51.30523600 -000.44411800
111  51.30533400 -000.44412800
111  51.30540000 -000.44418600
111  51.30544600 -000.44422100
111  51.30550600 -000.44430500
111  51.30556600 -000.44441600
111  51.30562900 -000.44447900
111  51.30573300 -000.44449700
111  51.30586900 -000.44450300
111  51.30600400 -000.44449300
111  51.30607100 -000.44446800
111  51.30611200 -000.44442400
111  51.30616300 -000.44435100
111  51.30622200 -000.44426500
111  51.30627100 -000.44414900
111  51.30631400 -000.44404100
111  51.30634900 -000.44395100
111  51.30638900 -000.44387300
111  51.30644300 -000.44378300
111  51.30653000 -000.44371000
111  51.30664000 -000.44367500
111  51.30672600 -000.44366200
111  51.30685000 -000.44367500
111  51.30692500 -000.44371800
111  51.30698200 -000.44378800
111  51.30702500 -000.44387800
111  51.30706300 -000.44400300
111  51.30708200 -000.44411000
113  51.30709000 -000.44422200
110 2 0.25 89.3000 Apron
111  51.30833800 -000.45724100
111  51.30882700 -000.45729500
111  51.30886300 -000.45733000
111  51.30886800 -000.45738800
111  51.30886800 -000.45748700
111  51.30884900 -000.45768300
111  51.30883200 -000.45787400
111  51.30879600 -000.45808400
111  51.30875100 -000.45827600
111  51.30873200 -000.45841800
111  51.30872600 -000.45850300
111  51.30873200 -000.45855200
111  51.30875700 -000.45863200
111  51.30877900 -000.45867700
111  51.30883500 -000.45869500
111  51.30892700 -000.45868100
111  51.30914800 -000.45857900
111  51.30941900 -000.45848100
111  51.30954400 -000.45844000
111  51.30967800 -000.45843600
111  51.30970100 -000.45856500
111  51.30958300 -000.45867200
111  51.30957800 -000.45869500
111  51.30957800 -000.45873500
111  51.30961400 -000.45895800
111  51.30962800 -000.45899800
111  51.30964700 -000.45900700
111  51.30977000 -000.45897100
111  51.30979500 -000.45910900
111  51.30968600 -000.45923400
111  51.30960600 -000.45926500
111  51.30943800 -000.45933200
111  51.30911700 -000.45945300
111  51.30905800 -000.45946200
111  51.30900500 -000.45947000
111  51.30895800 -000.45947900
111  51.30891600 -000.45952000
111  51.30824900 -000.45816400
111  51.30831000 -000.45812800
111  51.30832100 -000.45804400
111  51.30833500 -000.45793700
111  51.30833500 -000.45783400
111  51.30832100 -000.45772700
111  51.30831300 -000.45761100
111  51.30830200 -000.45746900
111  51.30828200 -000.45730400
113  51.30829900 -000.45725000
110 2 0.25 89.3000 Apron
111  51.30589300 -000.46234000
111  51.30589500 -000.46276500
111  51.30577400 -000.46274600
111  51.30574900 -000.46234300
111  51.30580800 -000.46233200
111  51.30582300 -000.46223700
111  51.30593400 -000.46228100
113  51.30590500 -000.46230500
130 Airport Boundary 1
111  51.30521143 -000.46240715
111  51.30450865 -000.46229188
111  51.30429668 -000.45171625
111  51.30327743 -000.44728119
111  51.30352951 -000.44217620
111  51.30497088 -000.44251516
111  51.30570502 -000.44114211
111  51.30928437 -000.44439751
111  51.30891565 -000.45245237
111  51.31027802 -000.45200548
111  51.31173791 -000.45816665
111  51.30919432 -000.46074277
111  51.31025415 -000.46345447
111  51.30907610 -000.47004220
111  51.30818892 -000.47010393
111  51.30708362 -000.47370299
113  51.30527806 -000.47382720
130 Flatten
111  51.30521143 -000.46240715
111  51.30450865 -000.46229188
111  51.30429668 -000.45171625
111  51.30327743 -000.44728119
111  51.30352951 -000.44217620
111  51.30497088 -000.44251516
111  51.30570502 -000.44114211
111  51.30928437 -000.44439751
111  51.30891565 -000.45245237
111  51.31027802 -000.45200548
111  51.31173791 -000.45816665
111  51.30919432 -000.46074277
111  51.31025415 -000.46345447
111  51.30907610 -000.47004220
111  51.30818892 -000.47010393
111  51.30708362 -000.47370299
113  51.30527806 -000.47382720
120 Centreline for Path
111  51.30856800 -000.45787500 51
112  51.30855167 -000.45806490  51.30853922 -000.45820963 51
112  51.30847900 -000.45841400  51.30844300 -000.45850200 51
112  51.30830272 -000.45844720  51.30822120 -000.45838133 51
112  51.30809928 -000.45828280  51.30801776 -000.45821693 51
112  51.30784098 -000.45815788  51.30775031 -000.45814047 51
112  51.30768602 -000.45812812  51.30759534 -000.45811071 51
112  51.30733150 -000.45808950  51.30718583 -000.45808117 51
112  51.30684450 -000.45807800  51.30666550 -000.45807867 51
116  51.30658304 -000.45706233  51.30658773 -000.45638455
120 Centreline for Path
111  51.30909400 -000.46226800 51
112  51.30869599 -000.46170951  51.30862733 -000.46161317 51
112  51.30860368 -000.46134652  51.30861080 -000.46120087 51
112  51.30860432 -000.46133348  51.30861144 -000.46118783 51
112  51.30863918 -000.46089930  51.30865529 -000.46075549 51
112  51.30869382 -000.46041170  51.30870994 -000.46026790 51
112  51.30872075 -000.45997690  51.30872258 -000.45983083 51
112  51.30872525 -000.45961810  51.30872708 -000.45947203 51
112  51.30869479 -000.45918639  51.30867265 -000.45904465 51
112  51.30867921 -000.45908661  51.30865707 -000.45894487 51
112  51.30854557 -000.45872495  51.30847862 -000.45862559 51
112  51.30852543 -000.45869505  51.30845848 -000.45859568 51
116  51.30830272 -000.45844720  51.30822120 -000.45838133
120 Centreline for Path
111  51.30869800 -000.46438800 51
112  51.30862770 -000.46471385  51.30859790 -000.46485195 51
112  51.30856368 -000.46513795  51.30855080 -000.46528259 51
115  51.30851800 -000.46565100
120 Centreline for Path
111  51.30915100 -000.46482500 51
112  51.30905765 -000.46513372  51.30901788 -000.46526524 51
112  51.30896564 -000.46554394  51.30894407 -000.46568590 51
115  51.30891700 -000.46586400
120 Centreline for Path
111  51.30934300 -000.46564700 51
112  51.30911688 -000.46543989  51.30903763 -000.46536730 51
112  51.30888144 -000.46521585  51.30880374 -000.46513908 51
112  51.30869956 -000.46503615  51.30862185 -000.46495938 51
112  51.30848726 -000.46476426  51.30842343 -000.46465976 51
112  51.30845274 -000.46470774  51.30838891 -000.46460325 51
112  51.30832260 -000.46433888  51.30829967 -000.46419746 51
112  51.30831340 -000.46428212  51.30829047 -000.46414071 51
112  51.30830030 -000.46385352  51.30831450 -000.46370920 51
112  51.30837970 -000.46304648  51.30839390 -000.46290216 51
112  51.30843332 -000.46261704  51.30845487 -000.46247507 51
112  51.30856068 -000.46177796  51.30858223 -000.46163599 51
116  51.30860368 -000.46134652  51.30861080 -000.46120087
120 Centreline for Path
111  51.30890500 -000.46804000 51
112  51.30864172 -000.46795377  51.30858724 -000.46793592 51
112  51.30847824 -000.46790057  51.30842373 -000.46788295 51
112  51.30831076 -000.46784643  51.30825625 -000.46782881 51
112  51.30815486 -000.46788116  51.30810543 -000.46792193 51
112  51.30798914 -000.46801784  51.30793971 -000.46805861 51
112  51.30787969 -000.46819989  51.30785614 -000.46828049 51
112  51.30775431 -000.46862911  51.30773077 -000.46870970 51
112  51.30769243 -000.46887649  51.30767472 -000.46896081 51
112  51.30748257 -000.46987551  51.30746486 -000.46995984 51
112  51.30742464 -000.47012565  51.30740373 -000.47020808 51
112  51.30710636 -000.47138035  51.30708545 -000.47146278 51
112  51.30700800 -000.47172300  51.30696333 -000.47186900 51
112  51.30685950 -000.47206250  51.30680517 -000.47214283 51
112  51.30669471 -000.47219052  51.30663919 -000.47219553 51
112  51.30656229 -000.47220248  51.30650676 -000.47220749 51
112  51.30647613 -000.47207664  51.30647421 -000.47198774 51
112  51.30647287 -000.47192536  51.30647096 -000.47183645 51
116  51.30647250 -000.47149450  51.30647417 -000.47129617
120 Centreline for Path
112  51.30710636 -000.47138035  51.30708545 -000.47146278 51
112  51.30698600 -000.47127700  51.30692667 -000.47112567 51
112  51.30678900 -000.47077000  51.30671700 -000.47058333 51
112  51.30664599 -000.47036889  51.30662265 -000.47028814 51
112  51.30652001 -000.46993311  51.30649667 -000.46985237 51
116  51.30648000 -000.47050450  51.30647667 -000.47096617
120 Centreline for Path
112  51.30666096 -000.44580767  51.30666565 -000.44512989 51
112  51.30678577 -000.44467907  51.30686429 -000.44460445 51
112  51.30681223 -000.44465393  51.30689074 -000.44457931 51
112  51.30696500 -000.44438500  51.30698833 -000.44428033 51
112  51.30693350 -000.44404100  51.30688917 -000.44391633 51
112  51.30673011 -000.44384539  51.30663886 -000.44383965 51
112  51.30670189 -000.44384361  51.30661063 -000.44383787 51
112  51.30650450 -000.44398850  51.30646417 -000.44409083 51
112  51.30646150 -000.44432150  51.30647317 -000.44444117 51
112  51.30657350 -000.44464600  51.30663650 -000.44474267 51
116  51.30666096 -000.44580767  51.30665627 -000.44648545
120 Centreline for Path
112  51.30646150 -000.44432150  51.30647317 -000.44444117 51
112  51.30634450 -000.44454262  51.30625484 -000.44457037 51
112  51.30626450 -000.44456738  51.30617483 -000.44459513 51
112  51.30599306 -000.44461479  51.30590176 -000.44461864 51
112  51.30591194 -000.44461821  51.30582065 -000.44462207 51
112  51.30566500 -000.44459800  51.30559167 -000.44458067 51
112  51.30548500 -000.44442650  51.30543833 -000.44432950 51
112  51.30532400 -000.44423200  51.30526333 -000.44419933 51
112  51.30514400 -000.44427300  51.30508467 -000.44433300 51
112  51.30505050 -000.44450450  51.30504750 -000.44459883 51
112  51.30514450 -000.44468300  51.30521017 -000.44470767 51
112  51.30537913 -000.44469544  51.30546988 -000.44467906 51
112  51.30563887 -000.44464856  51.30572962 -000.44463219 51
116  51.30591194 -000.44461821  51.30600324 -000.44461436
120 Centreline for Path
112  51.30684450 -000.45807800  51.30666550 -000.45807867 51
116  51.30656805 -000.45909565  51.30656275 -000.45977341
120 Centreline for Path
112  51.30678577 -000.44467907  51.30670726 -000.44475369 51
116  51.30657350 -000.44464600  51.30651050 -000.44454933
120 Centreline for Path
112  51.30657350 -000.44464600  51.30651050 -000.44454933 51
116  51.30634450 -000.44454262  51.30625484 -000.44457037
120 Centreline for Path
112  51.30566500 -000.44459800  51.30573833 -000.44461533 51
116  51.30563887 -000.44464856  51.30554812 -000.44466494
120 Centreline for Path
112  51.30847900 -000.45841400  51.30844300 -000.45850200 51
116  51.30852543 -000.45869505  51.30859238 -000.45879441
120 Centreline for Path
112  51.30869599 -000.46170951  51.30862733 -000.46161317 51
116  51.30856068 -000.46177796  51.30853913 -000.46191993
120 Centreline for Path
112  51.30862770 -000.46471385  51.30859790 -000.46485195 51
116  51.30848726 -000.46476426  51.30842343 -000.46465976
120 Centreline for Path
112  51.30862770 -000.46471385  51.30859790 -000.46485195 51
116  51.30869956 -000.46503615  51.30877726 -000.46511292
120 Centreline for Path
112  51.30856368 -000.46513795  51.30857656 -000.46499332 51
116  51.30848726 -000.46476426  51.30842343 -000.46465976
120 Centreline for Path
112  51.30856368 -000.46513795  51.30857656 -000.46499332 51
116  51.30869956 -000.46503615  51.30877726 -000.46511292
120 Centreline for Path
112  51.30905765 -000.46513372  51.30901788 -000.46526524 51
116  51.30888144 -000.46521585  51.30880374 -000.46513908
120 Centreline for Path
112  51.30905765 -000.46513372  51.30901788 -000.46526524 51
116  51.30911688 -000.46543989  51.30919614 -000.46551248
120 Centreline for Path
112  51.30896564 -000.46554394  51.30898721 -000.46540198 51
116  51.30888144 -000.46521585  51.30880374 -000.46513908
120 Centreline for Path
112  51.30896564 -000.46554394  51.30898721 -000.46540198 51
116  51.30911688 -000.46543989  51.30919614 -000.46551248
120 Centreline for Path
112  51.30700800 -000.47172300  51.30705267 -000.47157700 51
116  51.30698600 -000.47127700  51.30692667 -000.47112567
120 Centreline for Path
112  51.30652001 -000.46993311  51.30649667 -000.46985237 51
116  51.30649287 -000.46879535  51.30649811 -000.46811758
120 Path hold short
111  51.30576563 -000.44472521 54
115  51.30578437 -000.44452279
120 Path hold short
111  51.30711774 -000.45786533 54
115  51.30710826 -000.45828867
120 Path hold short
111  51.30685097 -000.47178646 54
115  51.30703103 -000.47209754
120 Path hold short
111  51.30700988 -000.47093878 54
115  51.30678412 -000.47116122
120 North East  1
111  51.30853404 -000.45786754 51
115  51.30860196 -000.45788246
120 North  2
111  51.30911661 -000.46222684 51
115  51.30907139 -000.46230916
120 North  4
111  51.30912014 -000.46480116 51
115  51.30918186 -000.46484884
120 North  5
111  51.30866559 -000.46437014 51
115  51.30873041 -000.46440586
120 North GA Ramp  2
111  51.30936004 -000.46559949 51
115  51.30932596 -000.46569451
120 North  6
111  51.30855194 -000.46565872 51
115  51.30848406 -000.46564328
120 North West  7
111  51.30890919 -000.46800734 51
115  51.30890081 -000.46807266
120 South East  8
111  51.30525084 -000.44466670 51
115  51.30523516 -000.44477330
120 South East  8
111  51.30524684 -000.44477440 51
115  51.30523916 -000.44466560
120 North  9
111  51.30895031 -000.46587693 51
115  51.30888369 -000.46585107
21  51.30688890 -000.46999092 1 89.3000 3.0 10 VASI23
21  51.30607010 -000.46997495 1 89.3000 3.0 10 VASI23
21  51.30624910 -000.44657908 1 269.3000 3.0 28 VASI23
21  51.30706790 -000.44659505 1 269.3000 3.0 28 VASI23
14  51.30580800 -000.46184600   6.56 0 Wisley Tower
1300  51.30909400 -000.46226800 326.60 gate jets|turboprops North  2
1300  51.30915100 -000.46482500  57.18 gate jets|turboprops North  4
1300  51.30869800 -000.46438800  69.66 gate jets|turboprops North  5
1300  51.30851800 -000.46565100 256.15 gate jets|turboprops North  6
1300  51.30891700 -000.46586400 265.47 gate jets|turboprops North  9
1300  51.30856800 -000.45787500  82.70 gate jets|turboprops North East  1
1300  51.30890500 -000.46804000   0.00 gate jets|turboprops North West  7
1300  51.30524300 -000.44472000   1.85 gate jets|turboprops South East  8
1300  51.30934300 -000.46564700 337.37 misc props|helos North GA Ramp  2
19  51.30547400 -000.45154100 1 Windsock
19  51.30585900 -000.45989500 1 Windsock
54 12869 TWR
1000 Default Flow
1001 X2WY 000 359 999
1002 X2WY 0
1003 X2WY 0
1004 0000 2400
1101 10 left
1100 10  12869 arrivals|departures heavy|jets|turboprops|props 000359 000359 Runway 10
1100 28  12869 arrivals|departures heavy|jets|turboprops|props 000359 000359 Runway 28
1200 
1201  51.30647000 -000.47179200 both 0 
1201  51.30657600 -000.45807900 both 1 
1201  51.30666800 -000.44479100 both 2 
1201  51.30693000 -000.44454200 both 3 
1201  51.30700000 -000.44422800 both 4 
1201  51.30686700 -000.44385400 both 5 
1201  51.30656500 -000.44383500 both 6 
1201  51.30644400 -000.44414200 both 7 
1201  51.30647900 -000.44450100 both 8 
1201  51.30613000 -000.44460900 both 9 
1201  51.30577500 -000.44462400 both 10 10/28 hold short
1201  51.30555500 -000.44457200 both 11 
1201  51.30541500 -000.44428100 both 12 
1201  51.30523300 -000.44418300 both 13 
1201  51.30505500 -000.44436300 both 14 
1201  51.30504600 -000.44464600 both 15 
1201  51.30711300 -000.45807700 both 16 10/28 hold short
1201  51.30755000 -000.45810200 both 17 
1201  51.30797700 -000.45818400 both 18 
1201  51.30842500 -000.45854600 both 19 
1201  51.30853300 -000.45828200 both 20 
1201  51.30864600 -000.45887400 both 21 
1201  51.30872800 -000.45939900 both 22 
1201  51.30871800 -000.46019600 both 23 
1201  51.30861500 -000.46111500 both 24 
1201  51.30859300 -000.46156500 both 25 
1201  51.30840100 -000.46283000 both 26 
1201  51.30827900 -000.46407000 both 27 
1201  51.30835700 -000.46455100 both 28 
1201  51.30858300 -000.46492100 both 29 
1201  51.30899800 -000.46533100 both 30 
1201  51.30822900 -000.46782000 both 31 
1201  51.30791500 -000.46807900 both 32 
1201  51.30771900 -000.46875000 both 33 
1201  51.30745600 -000.47000200 both 34 
1201  51.30707500 -000.47150400 both 35 
1201  51.30694100 -000.47194200 both 36 10/28 hold short
1201  51.30677800 -000.47218300 both 37 
1201  51.30647900 -000.47221000 both 38 
1201  51.30689700 -000.47105000 both 39 10/28 hold short
1201  51.30668100 -000.47049000 both 40 
1201  51.30648500 -000.46981200 both 41 
1201  51.30647500 -000.47119700 both 42 
1201  51.30654900 -000.46153100 both 43 
1201  51.30654100 -000.46257500 both 44 
1201  51.30856000 -000.46792700 both 45 
1201  51.30856800 -000.45787500 both 46 North East  1
1201  51.30909400 -000.46226800 both 47 North  2
1201  51.30915100 -000.46482500 both 48 North  4
1201  51.30869800 -000.46438800 both 49 North  5
1201  51.30934300 -000.46564700 both 50 North GA Ramp  2
1201  51.30851800 -000.46565100 both 51 North  6
1201  51.30890500 -000.46804000 both 52 North West  7
1201  51.30524300 -000.44472000 both 53 South East  8
1201  51.30891700 -000.46586400 both 54 North  9
1202 1 2 twoway runway 10/28
1204 departure 10,28
1204 arrival 10,28
1202 0 42 twoway runway 10/28
1204 departure 10,28
1204 arrival 10,28
1202 42 41 twoway runway 10/28
1204 departure 10,28
1204 arrival 10,28
1202 43 1 twoway runway 10/28
1204 departure 10,28
1204 arrival 10,28
1202 41 44 twoway runway 10/28
1204 departure 10,28
1204 arrival 10,28
1202 44 43 twoway runway 10/28
1204 departure 10,28
1204 arrival 10,28
1202 2 3 twoway taxiway 
1204 departure 10,28
1204 arrival 10,28
1202 3 4 twoway taxiway 
1204 departure 10,28
1204 arrival 10,28
1202 4 5 twoway taxiway 
1204 departure 10,28
1204 arrival 10,28
1202 5 6 twoway taxiway 
1204 departure 10,28
1204 arrival 10,28
1202 6 7 twoway taxiway 
1204 departure 10,28
1204 arrival 10,28
1202 7 8 twoway taxiway 
1204 departure 10,28
1204 arrival 10,28
1202 8 2 twoway taxiway 
1204 departure 10,28
1204 arrival 10,28
1202 8 9 twoway taxiway 
1204 departure 10,28
1204 arrival 10,28
1202 9 10 twoway taxiway 
1204 departure 10,28
1204 arrival 10,28
1202 10 11 twoway taxiway 
1202 11 12 twoway taxiway 
1202 12 13 twoway taxiway 
1202 13 14 twoway taxiway 
1202 14 15 twoway taxiway 
1202 15 53 twoway taxiway 
1202 10 53 twoway taxiway 
1202 1 16 twoway taxiway 
1204 departure 10,28
1204 arrival 10,28
1202 16 17 twoway taxiway 
1202 17 18 twoway taxiway 
1202 18 19 twoway taxiway 
1202 19 20 twoway taxiway 
1202 20 46 twoway taxiway 
1202 19 21 twoway taxiway 
1202 21 22 twoway taxiway 
1202 22 23 twoway taxiway 
1202 23 24 twoway taxiway 
1202 24 25 twoway taxiway 
1202 25 47 twoway taxiway 
1202 25 26 twoway taxiway 
1202 26 27 twoway taxiway 
1202 27 28 twoway taxiway 
1202 29 49 twoway taxiway 
1202 29 51 twoway taxiway 
1202 30 48 twoway taxiway 
1202 30 54 twoway taxiway 
1202 28 29 twoway taxiway 
1202 29 30 twoway taxiway 
1202 30 50 twoway taxiway 
1202 31 32 twoway taxiway 
1202 32 33 twoway taxiway 
1202 33 34 twoway taxiway 
1202 34 35 twoway taxiway 
1202 35 36 twoway taxiway 
1202 36 37 twoway taxiway 
1204 departure 10,28
1204 arrival 10,28
1202 37 38 twoway taxiway 
1204 departure 10,28
1204 arrival 10,28
1202 38 0 twoway taxiway 
1204 departure 10,28
1204 arrival 10,28
1202 35 39 twoway taxiway 
1202 40 41 twoway taxiway 
1204 departure 10,28
1204 arrival 10,28
1202 39 40 twoway taxiway 
1204 departure 10,28
1204 arrival 10,28
1202 31 45 twoway taxiway 
1202 45 52 twoway taxiway 
99
